Elfreina Project File
File Version 1.00
Setting {
	SoftVersion=1.22
	BetaVersion=0
	SaveDateTime="2019/05/09 23:23:27"
	CreateMode="SingleModel"
	WorldTranslate=-0.08133964:-2.670069:0
	WorldRotate=7.333341:-217.6666
	WorldScale=0.04572829
	CameraAngle=30
	ModelName="新規モデル"
	ModelAlphamericName="NewModel"
	IsRightHand=True
	CannotReadSoftVersions {
		0.90-1.19
	}
}
LoadModel {
	ModelFilePath="bike_man2.mqo"
	LoadModelFileType="MetasequoiaFile"
	ModelFileLastWriteTime="2019/05/09 8:54:09"
	Scale=1
	IsExistBlendMesh=True
	IsCacheMeshData=True
	ReadObjectNames="male1591Mesh":"short02Mesh":"low-polyMesh":"eyebrow011Mesh":"male_casualsuit06Mesh":"shoes05Mesh":"Frame.001":"Cube":"Cylinder":"Saddle":"handle":"Front_wheel":"Front_spoke":"Rear_spoke":"Rear_wheel":"Frame":"male1591Mesh":"short02Mesh":"low-polyMesh":"eyebrow011Mesh":"male_casualsuit06Mesh":"shoes05Mesh":"Frame.001":"Cube":"Cylinder":"Saddle":"handle":"Front_wheel":"Front_spoke":"Rear_spoke":"Rear_wheel":"Frame":"male1591Mesh":"short02Mesh":"low-polyMesh":"eyebrow011Mesh":"male_casualsuit06Mesh":"shoes05Mesh":"Frame.001":"Cube":"Cylinder":"Saddle":"handle":"Front_wheel":"Front_spoke":"Rear_spoke":"Rear_wheel":"Frame":"male1591Mesh":"short02Mesh":"low-polyMesh":"eyebrow011Mesh":"male_casualsuit06Mesh":"shoes05Mesh":"Frame.001":"Cube":"Cylinder":"Saddle":"handle":"Front_wheel":"Front_spoke":"Rear_spoke":"Rear_wheel":"Frame"
	NoReadMeshNames="RootNode":"RootNode":"RootNode"
	ReverseAxis=None
	AxisXMove=X
	AxisYMove=Y
	AxisZMove=Z
	ReverseFace=False
	MeshContainer {
		VertexFormat {
			"Position"
			"Blend"
			"Normal"
			"Texture"
		}
		OffsetDataList {
			OffsetData {
				BoneCode=""
				OffsetMatrix=0.9999999:0:0:0:0:0.9999999:0:0:0:0:0.9999999:0:-3.106254E-05:-0.001355186:-8.7718:0.9999999
			}
			OffsetData {
				BoneCode=""
				OffsetMatrix=1:-4.060282E-07:4.055087E-07:0:-4.060282E-07:-0.001280427:0.9999993:0:-4.055087E-07:-0.9999993:-0.001280427:0:-2.750495E-05:8.771796:0.009876468:1
			}
			OffsetData {
				BoneCode=""
				OffsetMatrix=1:4.168589E-07:4.163203E-07:0:4.168589E-07:-0.001292319:-0.9999996:0:-4.163205E-07:0.9999996:-0.001292319:0:-6.36829E-05:-58.31892:37.58899:1
			}
			OffsetData {
				BoneCode=""
				OffsetMatrix=1:7.870084E-07:7.841487E-07:0:7.870148E-07:-0.003645363:-0.9999937:0:-7.841438E-07:0.9999937:-0.003645363:0:-0.0001542571:55.16093:37.24751:1
			}
			OffsetData {
				BoneCode=""
				OffsetMatrix=1:-8.258482E-07:1.161503E-06:0:-8.258483E-07:0.3284228:0.944531:0:-1.161504E-06:-0.944531:0.3284228:0:3.296804E-05:-2.00397:-88.95546:1
			}
			OffsetData {
				BoneCode=""
				OffsetMatrix=0.9999574:0.006527462:-0.00652778:0:0.006527744:4.313176E-05:0.9999789:0:0.006527476:-0.9999789:6.073572E-07:0:7.304664:8.777952:-32.65167:1
			}
			OffsetData {
				BoneCode=""
				OffsetMatrix=0.0001125994:0.0105541:-0.9999444:0:0.01055398:0.9998888:0.01055452:0:0.9999446:-0.01055444:1.345311E-06:0:-9.269479:-51.05477:-8.23675:1
			}
			OffsetData {
				BoneCode=""
				OffsetMatrix=0.9999969:0.001764464:0.001764433:0:0.001764379:3.244195E-06:-0.9999986:0:-0.001764457:0.9999986:7.360838E-08:0:-7.511891:-8.743383:32.4796:1
			}
			OffsetData {
				BoneCode=""
				OffsetMatrix=4.372206E-05:0.006439986:0.9999793:0:0.006440201:0.9999588:-0.006440155:0:-0.9999794:0.006440386:2.291058E-06:0:8.637571:-14.39461:-7.409935:1
			}
			OffsetData {
				BoneCode=""
				OffsetMatrix=0.9999999:0:0:0:0:0.9999999:0:0:0:0:0.9999999:0:-0.04062022:-105.905:-28.98091:0.9999999
			}
			OffsetData {
				BoneCode=""
				OffsetMatrix=0.9998778:-0.01172451:0.01034397:0:-0.01172451:-0.1245578:0.992143:0:-0.01034397:-0.992143:-0.1246801:0:1.500847:41.94498:-101.46:0.9999999
			}
			OffsetData {
				BoneCode=""
				OffsetMatrix=0.9999793:0.004207735:-0.004868273:0:0.004207737:0.1447978:0.9894522:0:0.004868269:-0.9894522:0.1447771:0:-0.9552382:7.04508:-131.6963:0.9999999
			}
			OffsetData {
				BoneCode=""
				OffsetMatrix=0.9999824:-0.003918828:0.004483407:0:-0.003918827:0.1337922:0.9910015:0:-0.004483409:-0.9910015:0.1337745:0:0.4462611:8.637109:-143.0296:1
			}
			OffsetData {
				BoneCode=""
				OffsetMatrix=4.5834E-06:-0.002288403:-0.9999975:0:-0.002288083:0.9999946:-0.00228855:0:0.9999973:0.002288182:-5.585302E-07:0:-30.26238:-162.4282:0.6989332:0.9999999
			}
			OffsetData {
				BoneCode=""
				OffsetMatrix=1.506589E-05:0.003978717:-0.9999921:0:0.003978939:0.9999839:0.003978602:0:0.999992:-0.003978875:-6.706784E-07:0:-31.27926:-162.1178:-19.26094:0.9999999
			}
			OffsetData {
				BoneCode=""
				OffsetMatrix=5.685387E-05:-0.007594776:-0.9999712:0:-0.00759455:0.9999421:-0.007595128:0:0.999971:0.007594857:-7.346387E-07:0:-29.39678:-163.0097:-45.78749:0.9999999
			}
			OffsetData {
				BoneCode=""
				OffsetMatrix=-0.1301186:-0.001133735:-0.9914978:0:-0.001133514:0.9999986:-0.0009948415:0:0.9914976:0.000994522:-0.1301196:0:-39.68016:-162.3454:-68.17054:0.9999998
			}
			OffsetData {
				BoneCode=""
				OffsetMatrix=-0.06189666:1.477428E-07:-0.9980826:0:3.699887E-07:0.9999997:-1.652989E-08:0:0.9980824:-2.77733E-07:-0.06189656:0:-34.56765:-162.2249:-78.50751:0.9999999
			}
			OffsetData {
				BoneCode=""
				OffsetMatrix=-0.06687826:1.477613E-07:-0.9977612:0:3.698849E-07:0.9999997:-1.8357E-08:0:0.9977611:-2.777149E-07:-0.06687815:0:-34.98064:-162.2249:-82.64322:0.9999999
			}
			OffsetData {
				BoneCode=""
				OffsetMatrix=0.0153125:-0.1600843:-0.986985:0:-0.160084:0.9739746:-0.1604581:0:0.9869847:0.1604579:-0.01071262:0:3.090819:-172.7294:-46.61309:0.9999999
			}
			OffsetData {
				BoneCode=""
				OffsetMatrix=0.9999976:0.001579209:-0.001579209:0:0.001579212:-1.872137E-06:0.9999986:0:0.001579205:-0.9999986:-4.356551E-06:0:-0.6321256:30.6337:-162.3588:0.9999999
			}
			OffsetData {
				BoneCode=""
				OffsetMatrix=0.999845:-0.01337963:0.0114458:0:-0.01337963:-0.1547649:0.9878605:0:-0.0114458:-0.9878605:-0.1549199:0:2.272758:56.19174:-160.7391:0.9999999
			}
			OffsetData {
				BoneCode=""
				OffsetMatrix=0.999998:-0.001502049:0.001305584:0:-0.001502049:-0.1392652:0.9902537:0:-0.001305585:-0.9902537:-0.1392672:0:-0.07707492:53.58783:-166.4833:0.9999998
			}
			OffsetData {
				BoneCode=""
				OffsetMatrix=4.535953E-06:0.002288445:0.9999975:0:0.002288128:0.9999947:-0.002288522:0:-0.9999973:0.002288196:-6.458699E-07:0:30.26237:-162.4297:0.04423562:0.9999999
			}
			OffsetData {
				BoneCode=""
				OffsetMatrix=1.507773E-05:-0.003978667:0.9999921:0:-0.00397891:0.999984:0.003978622:0:-0.9999919:-0.003978875:-6.984071E-07:0:31.27924:-162.1152:-19.91564:0.9999999
			}
			OffsetData {
				BoneCode=""
				OffsetMatrix=5.698551E-05:0.007594827:0.9999712:0:0.007594583:0.9999421:-0.007595113:0:-0.999971:0.007594861:-6.432018E-07:0:29.39673:-163.0147:-46.44217:0.9999999
			}
			OffsetData {
				BoneCode=""
				OffsetMatrix=-0.1301184:0.001133783:0.9914979:0:0.001133539:0.9999987:-0.0009948203:0:-0.9914976:0.0009945217:-0.1301194:0:39.76533:-162.3462:-68.81968:0.9999999
			}
			OffsetData {
				BoneCode=""
				OffsetMatrix=-0.06189642:-9.971664E-08:0.9980826:0:-3.433936E-07:0.9999998:3.665084E-09:0:-0.9980824:-2.782036E-07:-0.06189637:0:34.60815:-162.2249:-79.16096:0.9999999
			}
			OffsetData {
				BoneCode=""
				OffsetMatrix=-0.06687802:-9.97648E-08:0.9977613:0:-3.43335E-07:0.9999999:2.00397E-09:0:-0.9977611:-2.781276E-07:-0.06687796:0:35.02441:-162.2249:-83.29646:0.9999999
			}
			OffsetData {
				BoneCode=""
				OffsetMatrix=0.0153128:0.1600844:0.9869848:0:0.1600842:0.9739745:-0.1604581:0:-0.9869847:0.1604578:-0.01071254:0:-3.100889:-172.8342:-47.25926:0.9999999
			}
			OffsetData {
				BoneCode=""
				OffsetMatrix=0.9964946:0.05777704:0.06050601:0:0.05777711:0.04778866:-0.9971852:0:-0.06050588:0.9971853:0.04428296:0:-14.39067:-34.54344:103.7556:1
			}
			OffsetData {
				BoneCode=""
				OffsetMatrix=0.9996181:0.01920371:0.01988069:0:0.0192037:0.03481464:-0.9992093:0:-0.01988064:0.9992094:0.03443257:0:-13.04791:-33.24538:66.74809:1
			}
			OffsetData {
				BoneCode=""
				OffsetMatrix=1:-2.669415E-05:-1.254515E-06:0:-2.672715E-05:-0.9952771:-0.09707683:0:1.376633E-06:0.09707686:-0.9952772:0:-13.21623:21.51644:34.40641:1
			}
			OffsetData {
				BoneCode=""
				OffsetMatrix=0.9964946:-0.05777704:-0.06050601:0:-0.05777711:0.04778866:-0.9971852:0:0.06050588:0.9971853:0.04428296:0:14.30972:-34.53875:103.7605:1
			}
			OffsetData {
				BoneCode=""
				OffsetMatrix=0.9996181:-0.01920371:-0.01988069:0:-0.0192037:0.03481464:-0.9992093:0:0.01988064:0.9992094:0.03443257:0:12.9667:-33.24382:66.7497:1
			}
			OffsetData {
				BoneCode=""
				OffsetMatrix=1:2.669415E-05:1.254515E-06:0:2.672715E-05:-0.9952771:-0.09707683:0:-1.376633E-06:0.09707686:-0.9952772:0:13.13499:21.51644:34.40641:1
			}
		}
		MaterialList {
			Material {
				Name="male1591"
				Diffuse=1:0.8:0.76:0.68
				Ambient=1:0:0:0
				Emissive=1:0:0:0
				Specular=0:0:0:0
				SpecularSharpness=0
				TextureFilePath="../../../../Users/14t450/Documents/makehuman/v1py3/models_mhx2/male_crossbike/textures/young_lightskinned_male_diffuse3.png"
				AlphaMapFilePath=""
			}
			Material {
				Name="short02"
				Diffuse=1:0.8:0.8:0.8
				Ambient=1:0:0:0
				Emissive=1:0:0:0
				Specular=0:0:0:0
				SpecularSharpness=0
				TextureFilePath="../../../../Users/14t450/Documents/makehuman/v1py3/models_mhx2/male_crossbike/textures/short02_diffuse.png"
				AlphaMapFilePath=""
			}
			Material {
				Name="low-poly"
				Diffuse=1:0.8:0.8:0.8
				Ambient=1:0:0:0
				Emissive=1:0:0:0
				Specular=0:0:0:0
				SpecularSharpness=0
				TextureFilePath="../../../../Users/14t450/Documents/makehuman/v1py3/models_mhx2/male_crossbike/textures/brown_eye.png"
				AlphaMapFilePath=""
			}
			Material {
				Name="eyebrow011"
				Diffuse=1:0.8:0.8:0.8
				Ambient=1:0:0:0
				Emissive=1:0:0:0
				Specular=0:0:0:0
				SpecularSharpness=0
				TextureFilePath="../../../../Users/14t450/Documents/makehuman/v1py3/models_mhx2/male_crossbike/textures/eyebrow011.png"
				AlphaMapFilePath=""
			}
			Material {
				Name="male_casualsuit06"
				Diffuse=1:0.8:0.8:0.8
				Ambient=1:0:0:0
				Emissive=1:0:0:0
				Specular=0:0:0:0
				SpecularSharpness=0
				TextureFilePath="../../../../Users/14t450/Documents/makehuman/v1py3/models_mhx2/male_crossbike/textures/male_casualsuit06_diffuse.png"
				AlphaMapFilePath=""
			}
			Material {
				Name="shoes05"
				Diffuse=1:0.8:0.8:0.8
				Ambient=1:0:0:0
				Emissive=1:0:0:0
				Specular=0:0:0:0
				SpecularSharpness=0
				TextureFilePath="../../../../Users/14t450/Documents/makehuman/v1py3/models_mhx2/male_crossbike/textures/shoes05_diffuse.png"
				AlphaMapFilePath=""
			}
			Material {
				Name="Material.001"
				Diffuse=1:0.8:0:0.004
				Ambient=1:0:0:0
				Emissive=1:0:0:0
				Specular=1:0.25:0.25:0.25
				SpecularSharpness=9.61
				TextureFilePath=""
				AlphaMapFilePath=""
			}
			Material {
				Name="Pedal.001"
				Diffuse=1:0.067:0.067:0.067
				Ambient=1:0:0:0
				Emissive=1:0:0:0
				Specular=1:0.25:0.25:0.25
				SpecularSharpness=9.61
				TextureFilePath=""
				AlphaMapFilePath=""
			}
			Material {
				Name="Pedal"
				Diffuse=1:0.082:0.082:0.082
				Ambient=1:0:0:0
				Emissive=1:0:0:0
				Specular=1:0.25:0.25:0.25
				SpecularSharpness=9.61
				TextureFilePath=""
				AlphaMapFilePath=""
			}
			Material {
				Name="saddle"
				Diffuse=1:0.064:0.064:0.064
				Ambient=1:0:0:0
				Emissive=1:0:0:0
				Specular=1:0.25:0.25:0.25
				SpecularSharpness=9.61
				TextureFilePath=""
				AlphaMapFilePath=""
			}
			Material {
				Name="handle"
				Diffuse=1:0.064:0.064:0.064
				Ambient=1:0:0:0
				Emissive=1:0:0:0
				Specular=1:0.25:0.25:0.25
				SpecularSharpness=9.61
				TextureFilePath=""
				AlphaMapFilePath=""
			}
			Material {
				Name="wheel"
				Diffuse=1:0.042:0.042:0.042
				Ambient=1:0:0:0
				Emissive=1:0:0:0
				Specular=1:0.25:0.25:0.25
				SpecularSharpness=9.61
				TextureFilePath=""
				AlphaMapFilePath=""
			}
			Material {
				Name="wheel001"
				Diffuse=1:0.061:0.061:0.061
				Ambient=1:0:0:0
				Emissive=1:0:0:0
				Specular=1:0.25:0.25:0.25
				SpecularSharpness=9.61
				TextureFilePath=""
				AlphaMapFilePath=""
			}
			Material {
				Name="spoke"
				Diffuse=1:0.076:0.076:0.076
				Ambient=1:0:0:0
				Emissive=1:0:0:0
				Specular=1:0.25:0.25:0.25
				SpecularSharpness=9.61
				TextureFilePath=""
				AlphaMapFilePath=""
			}
		}
		MeshList {
			Mesh {
				Name="male1591Mesh"
				PositionList {
					-1.995817:174.0222:33.38011
					0.004900505:177.0256:33.59435
					0.01031083:173.7794:33.76389
					-1.997076:176.8939:33.14691
					-2.072968:179.4752:34.03713
					0.01998703:179.4472:34.65981
					-2.394438:182.5036:35.89974
					-0.01393126:182.9642:36.62325
					-2.534148:184.8228:36.40686
					0.01717804:185.0845:37.00186
					-2.615141:186.9993:36.37832
					0.01447289:187.4595:37.11292
					-2.624553:189.6091:35.82418
					-0.002694497:189.9484:36.2783
					-2.450716:191.6823:34.60406
					1.0525E-05:192.0696:34.77876
					1.02497E-05:194.523:31.62976
					-1.944135:193.8282:31.21914
					-2.070394:194.4456:26.02316
					9.7588E-06:194.7135:26.01385
					-3.892732:174.4787:32.04404
					-3.333121:176.9218:32.45432
					-3.253369:179.4752:33.35939
					-3.616243:182.226:35.09958
					-3.928169:184.3863:35.55902
					-4.208468:186.6327:35.52177
					-4.415013:189.2064:34.81709
					-4.364187:191.1269:33.72533
					-4.021209:192.9928:31.2573
					-4.294437:193.5478:26.37253
					-4.388591:192.4449:22.61352
					-2.162598:193.4655:22.06328
					9.3939E-06:193.7621:21.8404
					-2.300579:190.8315:18.90451
					0.00687605:191.2729:18.73942
					2.300597:190.8315:18.90451
					2.162616:193.4655:22.06328
					9.7588E-06:194.7135:26.01385
					-4.72023:174.6744:30.89882
					-4.355052:177.4411:31.50528
					-4.576797:179.6325:32.30315
					-5.003193:181.642:33.56059
					-5.385335:183.7914:33.99828
					-5.765045:185.8223:33.70422
					-5.908988:188.6423:33.02082
					-5.700323:190.697:32.05573
					-5.352993:191.9129:30.92605
					-5.851854:191.862:27.6366
					-5.890925:191.2868:24.32105
					-5.604927:189.8012:21.43415
					-4.129174:190.5821:19.9776
					-1.790033:188.105:17.21796
					8.9857E-06:188.1684:17.17091
					-5.404869:175.6561:28.99508
					-5.470098:178.0293:29.95783
					-5.76119:179.8018:30.72905
					-6.059675:181.1358:31.4567
					-6.529155:183.0095:31.58458
					-6.875834:184.9971:30.81274
					-6.89383:188.1021:29.86895
					-6.537473:190.2358:29.10743
					-6.680427:179.5885:27.43044
					-6.969656:180.5531:27.98456
					-7.158213:181.5173:28.37658
					-7.387766:182.8228:28.34295
					-7.342603:185.6624:27.68061
					-7.134155:187.7529:27.18597
					-6.791093:189.7485:26.17115
					-6.277669:178.4765:26.47643
					-6.410966:189.0464:23.32391
					-5.063501:187.5785:19.33253
					-3.741902:188.1139:18.10005
					-1.414516:185.3644:16.90096
					8.9618E-06:185.1241:16.89729
					-6.965984:187.0971:24.72814
					-6.134986:186.7934:21.14559
					-4.755346:185.4429:18.13863
					-3.441652:185.6611:17.31173
					-2.002954:184.6276:17.30729
					-1.13649:183.2363:17.73859
					-0.7291713:184.0909:17.29829
					8.9867E-06:183.9563:17.18302
					1.414534:185.3644:16.90096
					1.790051:188.105:17.21796
					8.9857E-06:188.1684:17.17091
					-7.21335:185.2267:25.67119
					-6.625069:185.68:22.78157
					-6.486332:183.7353:21.2413
					-5.636135:184.5611:19.33193
					-4.281023:184.7184:17.75334
					-3.37363:184.8312:17.36206
					-2.384697:184.1432:17.48556
					-1.70499:183.2769:17.88527
					-7.298593:184.0684:27.29698
					-7.335469:183.6386:25.75905
					-6.948385:183.9864:24.24457
					-6.873508:182.2985:23.22419
					-6.255151:182.0702:20.30996
					-5.210014:183.9086:18.88625
					-4.078697:184.2736:17.7725
					-3.35009:184.3443:17.44806
					-2.483426:183.882:17.9739
					-3.396952:184.0107:17.88047
					-3.990422:183.8877:17.76959
					-3.396952:184.0107:17.88047
					-7.782026:184.06:27.2935
					-7.428564:183.2096:25.88312
					-7.081337:182.6366:24.79493
					-6.978884:181.1471:24.67591
					-6.557546:180.3011:21.95445
					-5.169116:180.6666:18.62627
					-4.32516:182.5084:18.37984
					-4.840031:183.8192:18.61038
					-4.43393:183.7093:18.35788
					-3.990422:183.8877:17.76959
					-7.504012:182.3358:26.42418
					-7.334307:181.4566:26.08084
					-7.190661:182.1653:25.42036
					-7.058616:180.4237:25.3386
					-6.649464:178.7668:24.99518
					-6.2973:177.6716:24.36578
					-6.529095:179.0501:23.0956
					-5.645314:179.1373:19.6556
					-4.434398:178.483:18.50036
					-3.733619:180.4846:17.90972
					-3.078128:182.3731:17.9462
					-4.137175:182.9786:18.16207
					-4.070691:183.2189:18.04948
					-7.910459:182.7471:27.21584
					-7.172659:181.5713:27.4408
					-8.280508:181.7641:27.85526
					-8.237001:182.7957:27.88793
					-8.459064:181.8966:28.70993
					-8.482152:183.3216:28.45191
					-3.436976:183.208:17.73956
					-3.31963:182.8622:17.72285
					-2.841908:183.2063:17.72476
					-2.509903:182.9362:17.72008
					-2.117904:182.5689:17.84061
					-1.70499:183.2769:17.88527
					-2.841908:183.2063:17.72476
					-2.036116:183.3831:17.97005
					-1.780726:181.6138:17.50457
					-1.145275:182.0167:17.19862
					-0.6394514:182.254:16.91252
					8.9412E-06:182.1299:16.66259
					0.7291893:184.0909:17.29829
					1.136508:183.2363:17.73859
					2.002972:184.6276:17.30729
					3.44167:185.6611:17.31173
					3.74192:188.1139:18.10005
					4.129192:190.5821:19.9776
					-2.966849:178.6612:17.66276
					-1.685618:180.1107:17.07658
					-1.200694:180.6143:16.53341
					-0.633643:180.8476:16.0208
					0.0122861:180.9261:15.85757
					0.6336607:180.8476:16.0208
					0.6394693:182.254:16.91252
					1.145293:182.0167:17.19862
					2.117922:182.5689:17.84061
					2.509921:182.9362:17.72008
					1.705008:183.2769:17.88527
					2.841926:183.2063:17.72476
					2.036134:183.3831:17.97005
					-3.441241:177.3417:17.97505
					-2.812009:176.7592:17.54674
					-2.381898:178.1049:17.30897
					-1.604188:179.0922:16.97157
					-1.428275:178.2049:16.80441
					-1.1225:178.9208:16.86178
					-0.5665557:178.6695:16.60701
					-0.5635428:179.0947:16.45644
					-1.073025:179.2613:16.66444
					-1.435775:179.2877:16.58685
					-1.604188:179.0922:16.97157
					-4.623288:176.364:19.73044
					-3.222459:176.326:17.95016
					-2.717393:176.4645:17.55907
					-2.299514:176.687:17.28028
					-1.651441:177.634:16.75408
					-5.662286:177.219:21.14803
					-4.392551:174.2396:21.81508
					-3.040294:173.7084:19.15863
					-2.378099:173.6337:18.36864
					-2.523779:175.634:17.63651
					-2.353709:175.9182:17.45231
					-2.027577:176.1024:17.22362
					-2.336324:176.4692:17.41595
					-2.168354:176.5927:17.30808
					-1.634811:177.0456:16.67277
					-0.657636:177.6834:16.21389
					-0.7170535:178.0328:16.4622
					-0.0004073546:178.7863:16.40214
					0.01375584:178.0344:16.40671
					-5.708685:175.9712:23.6384
					-3.619452:173.1483:23.50422
					-2.608421:172.9583:19.65841
					-2.044713:172.7854:18.79359
					-1.472848:172.627:18.37741
					-1.67091:173.6815:17.74698
					-1.741383:175.1534:17.29746
					-1.625644:175.4014:17.13517
					-1.58741:175.9811:16.92981
					-1.528362:176.4337:17.13216
					-1.902191:176.2834:17.20823
					-2.22637:176.5087:17.3883
					-5.618933:176.5941:26.5854
					-5.139758:174.9827:25.50167
					-6.832723:179.0103:25.38969
					-7.445252:178.9676:26.3224
					-7.485632:179.5492:26.00395
					-7.750467:179.5511:26.43873
					-7.445252:178.9676:26.3224
					-7.303796:180.3999:26.09214
					-7.3192:180.6887:26.98795
					-8.066909:180.78:27.62801
					-7.63454:179.9232:27.47365
					-7.445252:178.9676:26.3224
					-7.867973:180.0212:27.71933
					-8.113564:180.8675:28.37382
					-7.3192:180.6887:26.98795
					-7.172659:181.5713:27.4408
					-2.22637:176.5087:17.3883
					-0.9077455:176.467:16.86015
					-0.8879393:175.8784:16.57937
					-0.0004148856:176.5478:16.59134
					8.7018E-06:175.7915:16.39217
					0.8879566:175.8784:16.57937
					0.9077629:176.4671:16.86015
					1.587427:175.9811:16.92981
					1.528379:176.4337:17.13216
					2.027595:176.1024:17.22362
					1.902208:176.2834:17.20823
					2.226386:176.5087:17.3883
					2.33634:176.4692:17.41595
					2.71741:176.4646:17.55907
					2.29953:176.687:17.28028
					2.168369:176.5927:17.30808
					2.226386:176.5087:17.3883
					-0.8285332:175.2397:16.89746
					8.8129E-06:175.1634:16.83469
					0.8285507:175.2397:16.89746
					1.625661:175.4014:17.13517
					2.353727:175.9182:17.45231
					2.523797:175.634:17.63651
					3.222476:176.3259:17.95016
					3.441259:177.3416:17.97505
					2.812026:176.7592:17.54674
					1.651455:177.634:16.75408
					1.634825:177.0456:16.67277
					1.606304:176.6299:16.98005
					2.152976:176.4795:17.50552
					2.211869:176.5036:17.52374
					2.226386:176.5087:17.3883
					-0.7968881:174.9353:17.13423
					-0.003548617:175.0133:17.05468
					0.7969056:174.9353:17.13423
					1.7414:175.1534:17.29746
					1.670928:173.6815:17.74698
					2.378116:173.6337:18.36864
					3.040312:173.7084:19.15863
					4.623307:176.364:19.73044
					4.434416:178.483:18.50036
					2.966866:178.6612:17.66276
					2.381914:178.1049:17.30898
					1.42829:178.2048:16.80441
					0.7170684:178.0328:16.4622
					0.657652:177.6834:16.21389
					0.791979:177.1171:16.21466
					0.9045417:176.651:16.7173
					1.680644:176.5932:17.31882
					-0.8149101:173.6696:17.30185
					8.8932E-06:173.5877:17.18076
					0.8149278:173.6696:17.30185
					0.9156134:172.515:18.17394
					1.472866:172.627:18.37741
					2.044731:172.7854:18.79359
					2.60844:172.9583:19.65841
					3.61947:173.1483:23.50422
					4.39257:174.2396:21.81508
					5.662306:177.219:21.14803
					5.645332:179.1373:19.6556
					5.169135:180.6666:18.62627
					3.733637:180.4846:17.90972
					1.780744:181.6138:17.50457
					1.685636:180.1107:17.07658
					1.604206:179.0922:16.97157
					-0.9155954:172.515:18.17394
					9.0461E-06:172.4402:18.02812
					9.2182E-06:172.0358:19.83021
					0.967494:172.1591:19.7877
					1.915064:172.5067:19.92884
					2.371507:172.3719:22.39835
					-0.9674755:172.1591:19.7877
					-1.915046:172.5067:19.92884
					-1.057291:171.8341:21.96292
					0.01898412:171.7281:21.81941
					1.05731:171.8341:21.96292
					-2.371488:172.3719:22.39835
					1.122517:178.9208:16.86178
					0.5665727:178.6695:16.60701
					-0.0004073546:178.7863:16.40214
					-0.002364894:177.5122:16.01377
					8.4367E-06:177.1718:16.01291
					-0.0003720525:176.6509:16.52714
					0.9338025:176.5541:16.96061
					0.5635607:179.0947:16.45644
					-0.0004073546:178.7863:16.40214
					0.0001129283:178.9588:16.01148
					0.0005290863:179.0573:15.79007
					-0.0004073546:178.7863:16.40214
					1.073043:179.2613:16.66444
					0.9373848:179.3171:16.24905
					0.5237035:179.146:16.06017
					0.004482745:179.3386:15.47702
					-0.5236857:179.146:16.06017
					-0.9373671:179.3171:16.24905
					-1.135476:179.3821:16.06891
					-1.435775:179.2877:16.58685
					1.435793:179.2877:16.58685
					1.604206:179.0922:16.97157
					-0.7213175:179.366:15.79395
					-1.135476:179.3821:16.06891
					-0.7213175:179.366:15.79395
					0.01280628:179.9952:15.3698
					-0.7852222:180.0105:15.65495
					-1.39937:179.949:16.23155
					-0.7213175:179.366:15.79395
					-1.135476:179.3821:16.06891
					0.7213352:179.366:15.79395
					0.7852399:180.0105:15.65495
					0.7213352:179.366:15.79395
					1.135493:179.3821:16.0689
					1.135493:179.3821:16.0689
					1.435793:179.2877:16.58685
					8.5E-06:176.6415:16.90556
					-0.9337875:176.5541:16.9606
					-0.9045265:176.651:16.7173
					-1.680629:176.5932:17.31882
					-1.606289:176.6299:16.98005
					-2.15296:176.4795:17.50552
					-2.211853:176.5036:17.52374
					-2.22637:176.5087:17.3883
					-0.7919635:177.1171:16.21466
					1.705008:183.2769:17.88527
					2.384715:184.1432:17.48556
					3.373648:184.8314:17.36206
					4.755364:185.4429:18.13863
					5.063519:187.5785:19.33253
					5.604946:189.8012:21.43415
					4.38861:192.4449:22.61352
					2.070414:194.4456:26.02316
					1.02497E-05:194.523:31.62976
					1.944155:193.8282:31.21914
					2.450737:191.6823:34.60406
					1.0525E-05:192.0696:34.77876
					-0.002694497:189.9484:36.2783
					2.624574:189.6091:35.82418
					0.01447289:187.4595:37.11292
					3.350109:184.3443:17.44806
					4.281041:184.7184:17.75334
					5.636153:184.5611:19.33194
					6.135006:186.7934:21.14559
					6.410985:189.0464:23.32391
					6.791112:189.7485:26.17115
					5.890944:191.2868:24.32105
					4.294457:193.5478:26.37253
					4.021229:192.9929:31.2573
					4.364207:191.1269:33.72533
					4.415034:189.2063:34.81709
					2.615162:186.9993:36.37832
					0.01717804:185.0845:37.00186
					2.534169:184.8228:36.40686
					-0.01393126:182.9642:36.62325
					2.394459:182.5036:35.89973
					0.01998703:179.4472:34.65981
					2.483444:183.882:17.9739
					3.396971:184.0107:17.88047
					9.1143E-06:175.8379:18.65112
					-0.7217155:175.8251:18.69606
					-0.8716419:176.1596:19.83485
					3.18968E-05:176.3537:20.06826
					0.8716605:176.1597:19.83485
					0.7217336:175.8251:18.69606
					-1.268571:176.245:21.55252
					-0.009850109:176.2638:21.7078
					1.268589:176.245:21.55252
					1.827636:176.2393:21.25138
					1.268963:175.6413:19.6905
					0.7217336:175.8251:18.69606
					1.070016:175.9223:18.83394
					-1.827618:176.2394:21.25138
					-1.268945:175.6413:19.6905
					-0.7217155:175.8251:18.69606
					-1.069998:175.9223:18.83394
					0.04526346:167.59:35.63976
					3.662332:164.4908:37.18681
					0.3019273:164.4669:36.71169
					3.381879:167.4913:35.8547
					7.774956:165.1693:37.58098
					5.887875:168.4121:35.14045
					11.6291:166.9478:33.01697
					7.814388:168.4438:32.62264
					4.299666:171.0353:33.4265
					6.027796:170.6382:31.48401
					6.245776:169.9167:29.61376
					8.220945:167.0649:29.79132
					11.6291:166.9478:33.01697
					11.55258:165.763:28.91335
					16.10098:166.6495:33.11988
					15.37627:166.285:27.60099
					15.80658:163.3161:24.98487
					11.69415:162.6811:25.25112
					0.0857785:170.7036:34.55793
					2.192765:171.1003:34.24837
					1.995837:174.0222:33.38011
					3.892715:174.4787:32.04404
					4.720248:174.6744:30.89882
					5.414255:171.7825:28.55965
					5.662579:168.2228:27.69195
					7.051807:164.366:26.59793
					0.01031083:173.7794:33.76389
					5.404938:175.6568:28.99506
					5.26361:173.8835:27.66579
					4.704092:170.2304:26.84159
					4.066373:167.18:25.88177
					5.13519:164.0524:25.41216
					10.90455:160.5585:23.64965
					4.135054:160.6927:22.77774
					11.26271:157.0143:21.14778
					5.139777:174.9827:25.50167
					3.61947:173.1483:23.50422
					4.332233:172.5399:25.73473
					3.395683:169.22:25.29663
					2.4695:166.4649:24.93825
					2.808701:164.5439:24.75971
					2.266346:162.9365:23.90121
					-4.7978E-06:160.1461:22.23564
					4.9864E-06:162.3885:23.54944
					0.0007335783:164.2732:24.38227
					0.01747489:165.8648:24.45405
					1.590701:168.5297:24.23363
					0.007286001:168.0191:23.94729
					1.19024:170.7301:23.2361
					0.003101576:170.5195:23.1024
					0.01898412:171.7281:21.81941
					1.05731:171.8341:21.96292
					5.618953:176.5941:26.5854
					2.849107:171.4832:24.1404
					2.371507:172.3719:22.39835
					-3.662311:164.4908:37.18681
					0.04526346:167.59:35.63976
					0.3019273:164.4669:36.71169
					-3.381858:167.4913:35.8547
					0.0857785:170.7036:34.55793
					-2.192744:171.1003:34.24837
					0.01031083:173.7794:33.76389
					-1.995817:174.0222:33.38011
					-4.299732:171.0353:33.4265
					-3.892732:174.4787:32.04404
					-6.02794:170.6382:31.48401
					-4.72023:174.6744:30.89882
					-5.414235:171.7825:28.55965
					-5.404869:175.6561:28.99508
					-5.26359:173.8835:27.66579
					-5.139758:174.9827:25.50167
					-5.618933:176.5941:26.5854
					-7.774951:165.1692:37.58098
					-5.888072:168.412:35.14045
					-7.814226:168.4432:32.62261
					-6.245805:169.9166:29.61376
					-5.662835:168.2225:27.69195
					-4.704185:170.2304:26.8416
					-4.332216:172.5399:25.73473
					-3.619452:173.1483:23.50422
					-11.6289:166.9476:33.01696
					-2.371488:172.3719:22.39835
					-2.849128:171.4832:24.1404
					-1.057291:171.8341:21.96292
					-1.190222:170.7301:23.2361
					0.01898412:171.7281:21.81941
					0.003101576:170.5195:23.1024
					0.007286001:168.0191:23.94729
					-1.590905:168.5297:24.23363
					0.01747489:165.8648:24.45405
					-2.470088:166.4649:24.93825
					0.0007335783:164.2732:24.38227
					-2.809184:164.5439:24.75971
					4.9864E-06:162.3885:23.54944
					-2.26628:162.9364:23.90121
					-4.7978E-06:160.1461:22.23564
					-4.134116:160.6928:22.77774
					-5.135318:164.0524:25.41217
					-10.90453:160.5585:23.64965
					-11.26004:157.0139:21.14783
					-3.396653:169.2199:25.29663
					-4.068152:167.1797:25.88177
					-7.057009:164.354:26.59771
					-11.69449:162.6795:25.25105
					-8.220768:167.0642:29.79128
					-11.55246:165.7627:28.91333
					-15.80682:163.3176:24.98483
					-15.37622:166.2849:27.60099
					-16.10094:166.6495:33.11989
					-11.6289:166.9476:33.01696
					-0.9499555:176.4183:17.13016
					-1.564462:176.4932:17.48239
					-1.528362:176.4337:17.13216
					-0.9077455:176.467:16.86015
					-0.000477895:176.4837:16.85829
					-0.0004148856:176.5478:16.59134
					0.9077629:176.4671:16.86015
					0.949973:176.4183:17.13016
					1.528379:176.4337:17.13216
					1.56448:176.4932:17.48238
					-1.902191:176.2834:17.20823
					-1.528362:176.4337:17.13216
					-2.08237:176.4279:17.48387
					-2.22637:176.5087:17.3883
					-1.902191:176.2834:17.20823
					-2.211853:176.5036:17.52374
					-72.55511:160.6151:30.60274
					-72.57993:161.801:32.78629
					-71.00507:161.5543:32.02299
					-74.18558:160.7265:32.37749
					-52.9594:160.0049:32.32917
					-71.45345:164.6694:31.30065
					-52.42871:163.845:33.67263
					-70.74051:162.6167:32.6118
					-53.72857:158.9599:29.86946
					-70.74051:162.6167:32.6118
					-52.9594:160.0049:32.32917
					-71.00507:161.5543:32.02299
					-52.42871:163.845:33.67263
					-71.40343:165.0747:29.78754
					-52.33697:166.2017:30.48999
					-71.45345:164.6694:31.30065
					-52.33697:166.2017:30.48999
					-71.05672:164.8589:28.15883
					-52.44268:165.2511:27.26237
					-70.46271:162.9393:27.06521
					-52.44268:165.2511:27.26237
					-71.05672:164.8589:28.15883
					-52.92089:163.0484:26.5087
					-42.76934:165.9696:28.73498
					-42.10894:162.0131:25.92318
					-52.42871:163.845:33.67263
					-42.94313:159.3456:32.42543
					-42.97938:161.7277:33.59724
					-33.45377:163.1681:35.46817
					-33.43963:158.9795:34.20915
					-42.93787:158.4793:30.51717
					-52.9594:160.0049:32.32917
					-43.22762:158.8379:28.45063
					-53.90302:159.4351:27.87487
					-71.00507:161.5543:32.02299
					-70.61583:161.2243:29.94738
					-53.72895:160.9734:26.89501
					-70.32822:161.7675:28.15587
					-33.64643:158.5199:30.91427
					-32.81745:159.3714:28.52027
					-42.80912:159.8943:27.2008
					-42.10894:162.0131:25.92318
					-70.32822:161.7675:28.15587
					-70.46271:162.9393:27.06521
					-19.6967:155.3787:27.15387
					-20.39931:157.937:25.39781
					-32.1419:160.8829:26.5404
					-31.50467:163.1643:26.01666
					-33.43963:158.9795:34.20915
					-20.85262:156.9037:32.24755
					-21.81148:160.4905:25.57299
					-21.86028:162.4827:25.71116
					-31.50467:163.1643:26.01666
					-52.44268:165.2511:27.26237
					-42.18973:164.7636:32.49312
					-42.76934:165.9696:28.73498
					-32.26823:166.0636:28.89517
					-42.76934:165.9696:28.73498
					-32.0567:165.5955:33.75796
					-42.97938:161.7277:33.59724
					-33.45377:163.1681:35.46817
					-21.41568:165.245:31.77759
					-21.4487:162.3148:34.01124
					-32.26823:166.0636:28.89517
					-21.75287:165.1955:27.43818
					-72.57993:161.801:32.78629
					-70.74051:162.6167:32.6118
					-71.00507:161.5543:32.02299
					-72.72777:163.0494:32.49315
					-42.97938:161.7277:33.59724
					-52.33697:166.2017:30.48999
					-42.76934:165.9696:28.73498
					-42.10894:162.0131:25.92318
					-31.50467:163.1643:26.01666
					-32.26823:166.0636:28.89517
					-4.221403:183.7538:18.42624
					-3.990422:183.8877:17.76959
					-4.43393:183.7093:18.35788
					-3.896883:183.8827:18.14835
					-3.396952:184.0107:17.88047
					-3.990422:183.8877:17.76959
					-3.380934:184.0424:18.0689
					-2.483426:183.882:17.9739
					-2.482016:183.911:18.04158
					-3.898446:183.358:18.45034
					-4.221403:183.7538:18.42624
					-4.43393:183.7093:18.35788
					-4.070691:183.2189:18.04948
					-3.368286:183.2579:18.16812
					-3.436976:183.208:17.73956
					-2.848966:183.2642:18.05291
					-2.841908:183.2063:17.72476
					-2.046415:183.4099:18.10854
					-2.036116:183.3831:17.97005
					-2.046415:183.4099:18.10854
					-75.27292:160.8284:30.65182
					-74.18558:160.7265:32.37749
					-74.14285:160.9121:28.91507
					-73.69365:160.3753:27.44415
					-72.09888:160.8858:28.68239
					-73.69312:159.4861:25.08111
					-72.25699:160.6851:26.39768
					-70.61583:161.2243:29.94738
					-70.32822:161.7675:28.15587
					-71.00507:161.5543:32.02299
					-75.27292:160.8284:30.65182
					-76.58566:160.6484:32.82609
					-74.18558:160.7265:32.37749
					-77.35825:161.0621:31.16256
					-79.29906:161.0856:31.26687
					-78.73666:160.928:32.6086
					-76.40541:161.6559:29.28645
					-78.35023:161.8071:29.07881
					-80.21964:161.7122:29.29714
					-81.39378:161.9633:29.31174
					-80.70549:161.6396:31.20663
					-80.70575:161.5827:32.24519
					-78.73666:160.928:32.6086
					-76.26212:161.2929:27.58247
					-78.48091:161.7084:27.00734
					-80.22113:161.6934:26.80313
					-81.15379:161.8955:26.87252
					-82.40675:162.0247:28.31659
					-82.65465:162.1485:27.17686
					-83.91284:162.1393:28.12931
					-83.65942:162.192:27.15939
					-85.55615:162.1947:27.9689
					-85.42226:162.2201:26.95914
					-87.65883:162.2763:27.84699
					-87.28976:162.288:26.74196
					-88.99567:162.1625:27.61661
					-88.95784:162.1105:26.66511
					-89.84462:162.1425:27.39039
					-89.95845:162.1823:26.66661
					-74.14285:160.9121:28.91507
					-75.83261:160.7164:26.0452
					-76.77876:161.8015:24.93586
					-73.69365:160.3753:27.44415
					-75.37767:159.4327:24.87763
					-73.69312:159.4861:25.08111
					-81.26605:161.7941:32.03739
					-81.27289:162.0447:31.4029
					-76.58566:160.6484:32.82609
					-74.18558:160.7265:32.37749
					-76.9474:161.7841:33.15104
					-78.73666:160.928:32.6086
					-78.80945:161.7862:33.04704
					-78.80945:161.7862:33.04704
					-78.73666:160.928:32.6086
					-80.21057:161.996:32.87141
					-81.26605:161.7941:32.03739
					-80.21057:161.996:32.87141
					-80.94249:162.1685:32.80808
					-76.62967:160.701:25.39293
					-76.77876:161.8015:24.93586
					-75.83261:160.7164:26.0452
					-76.89186:161.4124:25.1688
					-79.67903:162.1905:25.02667
					-76.77876:161.8015:24.93586
					-80.69014:162.3751:24.95089
					-81.15379:161.8955:26.87252
					-80.39604:162.9872:24.35738
					-81.66104:163.1642:24.31916
					-81.36903:162.2468:25.09976
					-81.24702:162.2193:26.12341
					-79.0482:163.0371:24.49469
					-82.54279:163.0935:24.2837
					-82.5415:162.1936:25.13714
					-83.48965:163.0405:24.24533
					-83.70749:162.3069:25.16551
					-85.14186:163.1334:24.23287
					-85.5528:162.2772:24.9402
					-86.53157:163.0711:24.22509
					-86.80579:162.3268:24.77781
					-88.00748:163.0449:24.28755
					-88.05898:162.3538:24.80971
					-89.08612:163.0317:24.82837
					-88.8204:162.629:24.87433
					-76.77876:161.8015:24.93586
					-79.0482:163.0371:24.49469
					-77.44826:163.0375:24.54385
					-80.21057:161.996:32.87141
					-78.61623:163.0108:32.49557
					-79.6662:163.1593:32.63983
					-78.90373:163.9546:31.17907
					-77.40436:164.2777:31.0795
					-77.28613:163.2461:32.4064
					-78.80945:161.7862:33.04704
					-72.57993:161.801:32.78629
					-80.20699:163.7467:31.30683
					-79.58589:164.0905:25.01205
					-79.99283:164.3264:27.04175
					-80.89813:163.9895:26.8923
					-80.99481:164.1772:24.86203
					-81.57896:164.0329:24.83554
					-81.66199:164.0739:25.99172
					-77.47818:164.1693:25.14088
					-79.58589:164.0905:25.01205
					-77.96591:164.8134:27.44146
					-79.83772:164.2388:29.26346
					-80.97658:163.9157:29.29024
					-80.89813:163.9895:26.8923
					-72.42918:163.5426:25.75947
					-73.18764:164.886:27.65306
					-77.7224:164.6781:29.2466
					-80.20699:163.7467:31.30683
					-80.97658:163.9157:29.29024
					-82.07751:163.9364:29.89179
					-81.82635:163.7787:30.93502
					-83.55014:163.812:29.69795
					-83.53239:163.5289:30.71632
					-84.56126:163.768:29.57643
					-83.38332:163.2215:29.00446
					-82.29482:163.4145:29.14401
					-82.07751:163.9364:29.89179
					-73.49342:162.1214:24.14366
					-72.7919:160.8613:24.21995
					-70.46271:162.9393:27.06521
					-75.36913:162.6514:24.18956
					-75.76579:162.2207:24.0881
					-75.17247:161.2636:23.43437
					-74.78162:159.709:23.6873
					-72.7919:160.8613:24.21995
					-77.44826:163.0375:24.54385
					-79.58589:164.0905:25.01205
					-79.0482:163.0371:24.49469
					-80.99481:164.1772:24.86203
					-80.39604:162.9872:24.35738
					-81.66104:163.1642:24.31916
					-81.57896:164.0329:24.83554
					-84.55226:163.2462:28.94279
					-84.52631:163.5818:30.57969
					-73.23152:165.0253:29.69108
					-73.06119:164.5564:31.22746
					-70.74051:162.6167:32.6118
					-71.45345:164.6694:31.30065
					-71.40343:165.0747:29.78754
					-71.45345:164.6694:31.30065
					-71.05672:164.8589:28.15883
					-70.46271:162.9393:27.06521
					-71.05672:164.8589:28.15883
					-76.89186:161.4124:25.1688
					-76.62047:161.8722:24.22667
					-77.50275:161.8258:24.36189
					-75.83261:160.7164:26.0452
					-75.37767:159.4327:24.87763
					-77.19113:159.7044:24.56682
					-78.02682:160.479:25.07612
					-78.49954:161.3191:24.78813
					-76.89186:161.4124:25.1688
					-78.52464:159.5664:24.47146
					-79.16585:160.3275:25.07704
					-79.21484:161.3098:24.68386
					-79.47757:161.5437:24.24172
					-78.8739:161.5871:24.2056
					-79.5553:159.3963:24.40281
					-80.41321:160.1814:24.85433
					-80.45107:161.1867:24.52489
					-80.47026:161.4217:24.20478
					-80.42914:159.4466:24.45423
					-81.09286:160.1441:24.45266
					-81.2086:160.6263:24.28066
					-81.20427:160.9713:23.97272
					-81.30577:159.5858:24.07533
					-76.62047:161.8722:24.22667
					-76.77876:161.8015:24.93586
					-75.76579:162.2207:24.0881
					-82.23915:161.9602:29.74158
					-80.70549:161.6396:31.20663
					-82.18082:162.0312:30.65095
					-83.32257:162.074:29.68037
					-83.25053:162.0496:30.54754
					-84.3822:162.1345:29.71185
					-84.35732:162.189:30.47936
					-80.94249:162.1685:32.80808
					-79.6662:163.1593:32.63983
					-80.51135:163.0368:32.79609
					-79.6662:163.1593:32.63983
					-80.59694:163.6252:31.87993
					-80.51135:163.0368:32.79609
					-80.97658:163.9157:29.29024
					-82.04214:164.1101:27.28113
					-82.16251:164.3663:28.19715
					-81.22389:162.7614:31.23486
					-80.70549:161.6396:31.20663
					-81.04134:162.6635:30.90374
					-81.27289:162.0447:31.4029
					-80.70549:161.6396:31.20663
					-81.78142:162.809:30.70956
					-81.04134:162.6635:30.90374
